PebbleX · 2026-09-25T11:06:54.0435463-03:00
Últimos 1000 registros; horários locais; captura passiva e consultas de diagnóstico, sem troca de canal.
11:04:23.206  Pronto. Selecione um dispositivo e clique em Iniciar captura.
11:04:23.212  Use o campo de evento para anotar a sequência de canais do teste.
11:04:23.525  Inventário atualizado: 1 presentes; 2 aguardando reconexão.
11:04:39.488  Inventário atualizado: 1 presentes; 2 aguardando reconexão.
11:05:10.462  Inventário atualizado: 1 presentes; 2 aguardando reconexão.
11:05:18.692  MARCA · Easy-Switch acionado (canal não informado)
11:05:24.955  MARCA · 1
11:05:48.587  INÍCIO · Teclado · Logitech · B377 · FF43/0202
11:05:48.620  Dispositivo presente no Windows.
11:05:48.620  Abrindo a collection selecionada para leitura.
11:05:57.981  Dispositivo ausente no Windows. Aguardando retorno.
11:05:57.982  Leitura interrompida: The device is not connected.
11:06:02.113  Dispositivo presente no Windows.
11:06:02.113  Abrindo a collection selecionada para leitura.
11:06:02.117  RX [20] 11 FF 02 1F 00 52 42 4B 80 00 00 11 01 B3 77 E4 90 55 B7 00
11:06:02.162  RX [20] 11 FF 05 0F 00 00 00 00 00 00 00 00 00 00 00 00 00 00 00 00
11:06:02.252  RX [20] 11 FF 02 1F 01 42 4C 31 91 00 00 11 00 B3 77 E4 90 55 B7 00
11:06:02.297  RX [20] 11 FF 02 1F 00 52 42 4B 80 00 00 11 01 B3 77 E4 90 55 B7 00
11:06:02.342  RX [20] 11 FF 02 1F 01 42 4C 31 91 00 00 11 00 B3 77 E4 90 55 B7 00
11:06:02.432  RX [20] 11 FF 02 1F 00 52 42 4B 80 00 00 11 01 B3 77 E4 90 55 B7 00
11:06:02.499  RX [20] 11 FF 11 0F 00 00 1E 01 00 00 00 00 00 00 00 00 00 00 00 00
11:06:02.567  RX [20] 11 FF 11 0F 00 00 1E 01 00 00 00 00 00 00 00 00 00 00 00 00
11:06:02.612  RX [20] 11 FF 02 0F 03 15 15 A3 17 00 02 B3 77 00 00 00 00 00 01 00
11:06:02.702  RX [20] 11 FF 02 1F 01 42 4C 31 91 00 00 11 00 B3 77 E4 90 55 B7 00
11:06:02.747  RX [20] 11 FF 02 1F 00 52 42 4B 80 00 00 11 01 B3 77 E4 90 55 B7 00
11:06:02.814  RX [20] 11 FF 02 1F 01 42 4C 31 91 00 00 11 00 B3 77 E4 90 55 B7 00
11:06:02.860  RX [20] 11 FF 02 1F 00 52 42 4B 80 00 00 11 01 B3 77 E4 90 55 B7 00
11:06:02.927  RX [20] 11 FF 0A 0F 03 00 00 00 00 00 00 00 00 00 00 00 00 00 00 00
11:06:02.994  RX [20] 11 FF 02 1F 05 00 00 00 00 00 01 26 00 00 00 00 00 00 00 00
11:06:03.084  RX [20] 11 FF 0A 0F 03 00 00 00 00 00 00 00 00 00 00 00 00 00 00 00
11:06:03.152  RX [20] 11 FF 0F 0F 03 00 04 04 03 00 00 00 00 00 00 00 00 00 00 00
11:06:03.219  RX [20] 11 FF 0F 1F 00 00 15 00 00 00 00 00 00 00 00 00 00 00 00 00
11:06:03.287  RX [20] 11 FF 0F 1F 01 01 20 00 00 00 00 00 00 00 00 00 00 00 00 00
11:06:03.332  RX [20] 11 FF 0F 1F 02 02 40 00 00 00 00 00 00 00 00 00 00 00 00 00
11:06:03.399  RX [20] 11 FF 0F 1F 03 03 08 00 00 00 00 00 00 00 00 00 00 00 00 00
11:06:03.467  RX [20] 11 FF 0F 2F 00 01 00 01 00 00 00 00 00 00 00 00 00 00 00 00
11:06:03.512  RX [20] 11 FF 0F 2F 01 01 00 01 00 00 00 00 00 00 00 00 00 00 00 00
11:06:03.557  RX [20] 11 FF 0F 2F 02 00 FF 00 FF FF 00 00 00 00 00 00 00 00 00 00
11:06:03.602  RX [20] 11 FF 0B 0F 13 08 03 00 00 00 00 00 00 00 00 00 00 00 00 00
11:06:03.647  RX [20] 11 FF 0D 0F 01 00 00 00 00 00 00 00 00 00 00 00 00 00 00 00
11:06:03.692  RX [20] 11 FF 0B 0F 13 08 03 00 00 00 00 00 00 00 00 00 00 00 00 00
11:06:03.759  RX [20] 11 FF 05 0F 00 00 00 00 00 00 00 00 00 00 00 00 00 00 00 00
11:06:03.827  RX [20] 11 FF 0B 1F 00 01 04 01 07 18 00 00 00 00 00 00 00 00 00 00
11:06:03.872  RX [20] 11 FF 05 1F 15 49 00 00 00 00 00 00 00 00 00 00 00 00 00 00
11:06:03.917  RX [20] 11 FF 0B 1F 00 01 04 01 07 18 00 00 00 00 00 00 00 00 00 00
11:06:03.984  RX [20] 11 FF 09 3F 00 6E 02 00 6E 08 00 00 00 00 00 00 00 00 00 00
11:06:04.029  RX [20] 11 FF 0B 3F 00 00 4A 4A 55 4E 49 4F 52 00 00 00 00 00 00 00
11:06:04.097  RX [20] 11 FF 09 3F 00 CE 02 00 CE 08 00 00 00 00 00 00 00 00 00 00
11:06:04.142  RX [20] 11 FF 0B 7F 00 01 0B 00 00 66 58 00 00 00 00 00 00 00 00 00
11:06:04.187  RX [20] 11 FF 09 3F 00 D4 02 00 D4 08 00 00 00 00 00 00 00 00 00 00
11:06:04.299  RX [20] 11 FF 0B 1F 01 01 04 01 0F 18 00 00 00 00 00 00 00 00 00 00
11:06:04.344  RX [20] 11 FF 09 3F 00 E5 02 00 E5 08 00 00 00 00 00 00 00 00 00 00
11:06:04.389  RX [20] 11 FF 0B 1F 01 01 04 01 0F 18 00 00 00 00 00 00 00 00 00 00
11:06:04.434  RX [20] 11 FF 09 3F 00 E7 02 00 E7 08 00 00 00 00 00 00 00 00 00 00
11:06:04.479  RX [20] 11 FF 0B 3F 01 00 44 45 53 4B 54 4F 50 2D 50 44 38 4A 41 32
11:06:04.524  RX [20] 11 FF 09 3F 00 E8 02 00 E8 08 00 00 00 00 00 00 00 00 00 00
11:06:04.569  RX [20] 11 FF 0B 3F 01 0E 47 00 00 00 00 00 00 00 00 00 00 00 00 00
11:06:04.614  RX [20] 11 FF 08 1F 64 08 00 00 00 00 00 00 00 00 00 00 00 00 00 00
11:06:04.659  RX [20] 11 FF 09 3F 00 E9 02 00 E9 08 00 00 00 00 00 00 00 00 00 00
11:06:04.704  RX [20] 11 FF 0B 7F 01 01 0B 00 00 66 58 00 00 00 00 00 00 00 00 00
11:06:04.749  RX [20] 11 FF 09 3F 01 03 02 01 03 08 00 00 00 00 00 00 00 00 00 00
11:06:04.794  RX [20] 11 FF 0B 1F 02 00 00 00 00 18 00 00 00 00 00 00 00 00 00 00
11:06:04.839  RX [20] 11 FF 09 3F 01 08 02 01 08 08 00 00 00 00 00 00 00 00 00 00
11:06:04.884  RX [20] 11 FF 0B 1F 02 00 00 00 00 18 00 00 00 00 00 00 00 00 00 00
11:06:04.929  RX [20] 11 FF 09 3F 01 0A 02 01 0A 08 00 00 00 00 00 00 00 00 00 00
11:06:04.974  RX [20] 11 FF FF 0B 7F 04 00 00 00 00 00 00 00 00 00 00 00 00 00 00
11:06:05.019  RX [20] 11 FF 09 3F 00 6E 03 00 6E 08 00 00 00 00 00 00 00 00 00 00
11:06:05.064  RX [20] 11 FF 0F 0F 03 00 04 04 03 00 00 00 00 00 00 00 00 00 00 00
11:06:05.109  RX [20] 11 FF 09 3F 00 CE 03 00 CE 08 00 00 00 00 00 00 00 00 00 00
11:06:05.154  RX [20] 11 FF 0F 1F 00 00 15 00 00 00 00 00 00 00 00 00 00 00 00 00
11:06:05.199  RX [20] 11 FF 09 3F 00 D4 03 00 D4 08 00 00 00 00 00 00 00 00 00 00
11:06:05.244  RX [20] 11 FF 0F 1F 01 01 20 00 00 00 00 00 00 00 00 00 00 00 00 00
11:06:05.289  RX [20] 11 FF 09 3F 00 E5 03 00 E5 08 00 00 00 00 00 00 00 00 00 00
11:06:05.334  RX [20] 11 FF 0F 1F 02 02 40 00 00 00 00 00 00 00 00 00 00 00 00 00
11:06:05.379  RX [20] 11 FF 09 3F 00 E7 03 00 E7 08 00 00 00 00 00 00 00 00 00 00
11:06:05.424  RX [20] 11 FF 0F 1F 03 03 08 00 00 00 00 00 00 00 00 00 00 00 00 00
11:06:05.469  RX [20] 11 FF 09 3F 00 E8 03 00 E8 08 00 00 00 00 00 00 00 00 00 00
11:06:05.514  RX [20] 11 FF 0F 2F 00 01 00 01 00 00 00 00 00 00 00 00 00 00 00 00
11:06:05.559  RX [20] 11 FF 09 3F 00 E9 03 00 E9 08 00 00 00 00 00 00 00 00 00 00
11:06:05.604  RX [20] 11 FF 0F 2F 01 01 00 01 00 00 00 00 00 00 00 00 00 00 00 00
11:06:05.649  RX [20] 11 FF 09 3F 01 03 03 01 03 08 00 00 00 00 00 00 00 00 00 00
11:06:05.694  RX [20] 11 FF 0F 2F 02 00 FF 00 FF FF 00 00 00 00 00 00 00 00 00 00
11:06:05.739  RX [20] 11 FF 09 3F 01 08 03 01 08 08 00 00 00 00 00 00 00 00 00 00
11:06:05.784  RX [20] 11 FF 0B 8F 00 00 00 00 00 00 00 00 00 00 00 00 00 00 00 00
11:06:05.829  RX [20] 11 FF 09 3F 01 0A 03 01 0A 08 00 00 00 00 00 00 00 00 00 00
11:06:05.874  RX [20] 11 FF 0B 0F 13 08 03 00 00 00 00 00 00 00 00 00 00 00 00 00
11:06:05.919  RX [20] 11 FF 0B 1F 00 01 04 01 07 18 00 00 00 00 00 00 00 00 00 00
11:06:05.964  RX [20] 11 FF 0B 7F 00 01 0B 00 00 66 58 00 00 00 00 00 00 00 00 00
11:06:06.009  RX [20] 11 FF 0B 1F 01 01 04 01 0F 18 00 00 00 00 00 00 00 00 00 00
11:06:06.054  RX [20] 11 FF 0B 7F 01 01 0B 00 00 66 58 00 00 00 00 00 00 00 00 00
11:06:06.099  RX [20] 11 FF 0B 1F 02 00 00 00 00 18 00 00 00 00 00 00 00 00 00 00
11:06:06.144  RX [20] 11 FF FF 0B 7F 04 00 00 00 00 00 00 00 00 00 00 00 00 00 00
11:06:06.189  RX [20] 11 FF 0F 0F 03 00 04 04 03 00 00 00 00 00 00 00 00 00 00 00
11:06:06.234  RX [20] 11 FF 0F 1F 00 00 15 00 00 00 00 00 00 00 00 00 00 00 00 00
11:06:06.279  RX [20] 11 FF 0F 1F 01 01 20 00 00 00 00 00 00 00 00 00 00 00 00 00
11:06:06.324  RX [20] 11 FF 0F 1F 02 02 40 00 00 00 00 00 00 00 00 00 00 00 00 00
11:06:06.369  RX [20] 11 FF 0F 1F 03 03 08 00 00 00 00 00 00 00 00 00 00 00 00 00
11:06:06.414  RX [20] 11 FF 0F 2F 00 01 00 01 00 00 00 00 00 00 00 00 00 00 00 00
11:06:06.459  RX [20] 11 FF 0F 2F 01 01 00 01 00 00 00 00 00 00 00 00 00 00 00 00
11:06:06.504  RX [20] 11 FF 0F 2F 02 00 FF 00 FF FF 00 00 00 00 00 00 00 00 00 00