PebbleX · 2026-09-25T10:20:46.0397821-03:00
Últimos 1000 registros; horários locais; captura somente de leitura.
10:18:32.450  Pronto. Selecione um dispositivo e clique em Iniciar captura.
10:18:32.456  Use o campo de evento para anotar a sequência de canais do teste.
10:18:32.763  Inventário atualizado: 2 collections de diagnóstico Logitech.
10:18:43.455  INÍCIO · Mouse · Logitech · B034 · FF43/0202
10:18:43.475  Dispositivo presente no Windows.
10:18:43.475  Abrindo a collection selecionada para leitura.
10:18:47.584  Dispositivo ausente no Windows. Aguardando retorno.
10:18:47.585  Leitura interrompida: The device is not connected.
10:19:02.079  Dispositivo presente no Windows.
10:19:02.079  Abrindo a collection selecionada para leitura.
10:19:02.479  RX [20] 11 FF 04 00 01 01 01 00 00 00 00 00 00 00 00 00 00 00 00 00
10:19:02.487  RX [20] 11 FF 08 00 1E 02 00 00 00 00 00 00 00 00 00 00 00 00 00 00
10:19:02.502  RX [20] 11 FF 02 0C 03 BA 83 C5 07 00 02 B0 34 00 00 00 00 00 01 00
10:19:02.518  RX [20] 11 FF 02 1C 00 52 42 4D 22 01 00 06 01 B0 34 BB 51 90 E8 00
10:19:02.532  RX [20] 11 FF 05 0C 00 00 00 00 00 00 00 00 00 00 00 00 00 00 00 00
10:19:02.548  RX [20] 11 FF 02 1C 01 42 4C 31 69 01 00 06 00 B0 34 BB 51 90 E8 00
10:19:02.562  RX [20] 11 FF 02 1C 00 52 42 4D 22 01 00 06 01 B0 34 BB 51 90 E8 00
10:19:02.577  RX [20] 11 FF 02 1C 01 42 4C 31 69 01 00 06 00 B0 34 BB 51 90 E8 00
10:19:02.599  RX [20] 11 FF 02 1C 00 52 42 4D 22 01 00 06 01 B0 34 BB 51 90 E8 00
10:19:02.614  RX [20] 11 FF 12 0C 00 00 1E 01 00 00 00 00 00 00 00 00 00 00 00 00
10:19:02.629  RX [20] 11 FF 12 0C 00 00 1E 01 00 00 00 00 00 00 00 00 00 00 00 00
10:19:02.652  RX [20] 11 FF 02 0C 03 BA 83 C5 07 00 02 B0 34 00 00 00 00 00 01 00
10:19:02.674  RX [20] 11 FF 02 1C 01 42 4C 31 69 01 00 06 00 B0 34 BB 51 90 E8 00
10:19:02.696  RX [20] 11 FF 02 1C 00 52 42 4D 22 01 00 06 01 B0 34 BB 51 90 E8 00
10:19:02.719  RX [20] 11 FF 02 1C 01 42 4C 31 69 01 00 06 00 B0 34 BB 51 90 E8 00
10:19:02.741  RX [20] 11 FF 02 1C 00 52 42 4D 22 01 00 06 01 B0 34 BB 51 90 E8 00
10:19:02.764  RX [20] 11 FF 02 1C 05 00 00 00 00 00 01 26 00 00 00 00 00 00 00 00
10:19:02.846  RX [20] 11 FF 0D 2C 00 05 DC 03 E8 00 00 00 00 00 00 00 00 00 00 00
10:19:02.869  RX [20] 11 FF 0A 2C 00 00 00 00 00 00 00 00 00 00 00 00 00 00 00 00
10:19:02.891  RX [20] 11 FF 0A 0C 03 02 00 00 00 00 00 00 00 00 00 00 00 00 00 00
10:19:02.914  RX [20] 11 FF 0A 0C 03 02 00 00 00 00 00 00 00 00 00 00 00 00 00 00
10:19:02.936  RX [20] 11 FF 10 0C 00 12 00 78 00 0F 03 E8 00 00 00 00 00 00 00 00
10:19:02.959  RX [20] 11 FF 0D 3C 00 05 DC 00 00 00 00 00 00 00 00 00 00 00 00 00
10:19:02.981  RX [20] 11 FF 05 0C 00 00 00 00 00 00 00 00 00 00 00 00 00 00 00 00
10:19:03.004  RX [20] 11 FF 10 1C 00 00 00 00 00 00 00 00 00 00 00 00 00 00 00 00
10:19:03.026  RX [20] 11 FF 0B 0C 13 08 03 02 00 00 00 00 00 00 00 00 00 00 00 00
10:19:03.049  RX [20] 11 FF 0F 3C 01 00 00 00 00 00 00 00 00 00 00 00 00 00 00 00
10:19:03.071  RX [20] 11 FF 05 1C 69 54 00 00 00 00 00 00 00 00 00 00 00 00 00 00
10:19:03.094  RX [20] 11 FF 0B 1C 00 01 05 01 07 18 00 00 00 00 00 00 00 00 00 00
10:19:03.116  RX [20] 11 FF 0F 1C 00 00 00 00 00 00 00 00 00 00 00 00 00 00 00 00
10:19:03.139  RX [20] 11 FF 09 3C 00 52 22 00 52 0B 00 00 00 00 00 00 00 00 00 00
10:19:03.161  RX [20] 11 FF 0B 1C 00 01 05 01 07 18 00 00 00 00 00 00 00 00 00 00
10:19:03.184  RX [20] 11 FF 09 3C 00 53 22 00 53 0B 00 00 00 00 00 00 00 00 00 00
10:19:03.206  RX [20] 11 FF 0B 3C 00 00 4A 4A 55 4E 49 4F 52 00 00 00 00 00 00 00
10:19:03.229  RX [20] 11 FF 09 3C 00 56 22 00 56 0B 00 00 00 00 00 00 00 00 00 00
10:19:03.244  RX [20] 11 FF 0B 7C 00 01 0B 00 00 66 58 00 00 00 00 00 00 00 00 00
10:19:03.259  RX [20] 11 FF 09 3C 00 C3 22 00 C3 0B 00 00 00 00 00 00 00 00 00 00
10:19:03.274  RX [20] 11 FF 0B 1C 01 01 04 01 0F 18 00 00 00 00 00 00 00 00 00 00
10:19:03.289  RX [20] 11 FF 09 3C 00 C4 22 00 C4 0B 00 00 00 00 00 00 00 00 00 00
10:19:03.304  RX [20] 11 FF 0B 1C 01 01 04 01 0F 18 00 00 00 00 00 00 00 00 00 00
10:19:03.319  RX [20] 11 FF 09 2C 00 50 00 00 00 00 00 00 00 00 00 00 00 00 00 00
10:19:03.334  RX [20] 11 FF 0B 3C 01 00 44 45 53 4B 54 4F 50 2D 50 44 38 4A 41 32
10:19:03.349  RX [20] 11 FF 09 3C 00 50 00 00 00 03 00 00 00 00 00 00 00 00 00 00
10:19:03.371  RX [20] 11 FF 0B 3C 01 0E 47 00 00 00 00 00 00 00 00 00 00 00 00 00
10:19:03.386  RX [20] 11 FF 08 1C 1E 02 00 00 00 00 00 00 00 00 00 00 00 00 00 00
10:19:03.401  RX [20] 11 FF 09 2C 00 51 00 00 00 00 00 00 00 00 00 00 00 00 00 00
10:19:03.424  RX [20] 11 FF 0B 7C 01 01 0B 00 00 66 58 00 00 00 00 00 00 00 00 00
10:19:03.439  RX [20] 11 FF 0F 2C 00 00 00 00 00 00 00 00 00 00 00 00 00 00 00 00
10:19:03.454  RX [20] 11 FF 09 3C 00 51 00 00 00 03 00 00 00 00 00 00 00 00 00 00
10:19:03.476  RX [20] 11 FF 0B 1C 02 01 04 01 07 18 00 00 00 00 00 00 00 00 00 00
10:19:03.491  RX [20] 11 FF 09 3C 00 52 23 00 52 0B 00 00 00 00 00 00 00 00 00 00
10:19:03.513  RX [20] 11 FF 0B 1C 02 01 04 01 07 18 00 00 00 00 00 00 00 00 00 00
10:19:03.536  RX [20] 11 FF 09 3C 00 53 23 00 53 0B 00 00 00 00 00 00 00 00 00 00
10:19:03.559  RX [20] 11 FF 0B 3C 02 00 4A 4A 55 4E 49 4F 52 00 00 00 00 00 00 00
10:19:03.581  RX [20] 11 FF 09 3C 00 56 23 00 56 0B 00 00 00 00 00 00 00 00 00 00
10:19:03.604  RX [20] 11 FF 0B 7C 02 01 0B 00 00 66 58 00 00 00 00 00 00 00 00 00
10:19:03.626  RX [20] 11 FF 09 3C 00 C3 23 00 C3 0B 00 00 00 00 00 00 00 00 00 00
10:19:03.649  RX [20] 11 FF 0B 8C 00 00 00 00 00 00 00 00 00 00 00 00 00 00 00 00
10:19:03.671  RX [20] 11 FF 09 3C 00 C4 23 00 C4 0B 00 00 00 00 00 00 00 00 00 00
10:19:03.694  RX [20] 11 FF 0B 0C 13 08 03 02 00 00 00 00 00 00 00 00 00 00 00 00
10:19:03.716  RX [20] 11 FF 09 2C 00 50 00 00 00 01 00 00 00 00 00 00 00 00 00 00
10:19:03.739  RX [20] 11 FF 0B 1C 00 01 05 01 07 18 00 00 00 00 00 00 00 00 00 00
10:19:03.761  RX [20] 11 FF 09 3C 00 50 00 00 00 03 00 00 00 00 00 00 00 00 00 00
10:19:03.784  RX [20] 11 FF 0B 7C 00 01 0B 00 00 66 58 00 00 00 00 00 00 00 00 00
10:19:03.806  RX [20] 11 FF 09 2C 00 51 00 00 00 01 00 00 00 00 00 00 00 00 00 00
10:19:03.829  RX [20] 11 FF 0B 1C 01 01 04 01 0F 18 00 00 00 00 00 00 00 00 00 00
10:19:03.859  RX [20] 11 FF 09 3C 00 51 00 00 00 03 00 00 00 00 00 00 00 00 00 00
10:19:03.874  RX [20] 11 FF 0B 7C 01 01 0B 00 00 66 58 00 00 00 00 00 00 00 00 00
10:19:03.889  RX [20] 11 FF 0E 0C 02 0A 0A 00 00 00 00 00 00 00 00 00 00 00 00 00
10:19:03.911  RX [20] 11 FF 0B 1C 02 01 04 01 07 18 00 00 00 00 00 00 00 00 00 00
10:19:03.934  RX [20] 11 FF 0E 1C 02 FF 00 00 00 00 00 00 00 00 00 00 00 00 00 00
10:19:03.956  RX [20] 11 FF 0B 7C 02 01 0B 00 00 66 58 00 00 00 00 00 00 00 00 00
10:19:03.979  RX [20] 11 FF 0E 0C 02 FF 0A 00 00 00 00 00 00 00 00 00 00 00 00 00
10:19:04.002  RX [20] 11 FF 0D 3C 00 05 DC 00 00 00 00 00 00 00 00 00 00 00 00 00
10:19:04.024  RX [20] 11 FF 10 1C 00 00 00 00 00 00 00 00 00 00 00 00 00 00 00 00
10:19:04.046  RX [20] 11 FF 10 2C 00 00 00 00 00 00 00 00 00 00 00 00 00 00 00 00
10:19:04.069  RX [20] 11 FF 10 1C 01 00 00 00 00 00 00 00 00 00 00 00 00 00 00 00
10:19:04.091  RX [20] 11 FF 10 1C 01 00 00 00 00 00 00 00 00 00 00 00 00 00 00 00
10:19:09.261  Dispositivo ausente no Windows. Aguardando retorno.
10:19:09.261  Leitura interrompida: The device is not connected.
10:19:41.493  Dispositivo presente no Windows.
10:19:41.493  Abrindo a collection selecionada para leitura.
10:19:41.517  RX [20] 11 FF 02 1C 01 42 4C 31 69 01 00 06 00 B0 34 BB 51 90 E8 00
10:19:41.547  RX [20] 11 FF 02 1C 00 52 42 4D 22 01 00 06 01 B0 34 BB 51 90 E8 00
10:19:41.569  RX [20] 11 FF 02 1C 05 00 00 00 00 00 01 26 00 00 00 00 00 00 00 00
10:19:41.607  RX [20] 11 FF 0D 2C 00 05 DC 03 E8 00 00 00 00 00 00 00 00 00 00 00
10:19:41.622  RX [20] 11 FF 0A 2C 00 00 00 00 00 00 00 00 00 00 00 00 00 00 00 00
10:19:41.652  RX [20] 11 FF 0A 0C 03 02 00 00 00 00 00 00 00 00 00 00 00 00 00 00
10:19:41.675  RX [20] 11 FF 0A 0C 03 02 00 00 00 00 00 00 00 00 00 00 00 00 00 00
10:19:41.689  RX [20] 11 FF 10 0C 00 12 00 78 00 0F 03 E8 00 00 00 00 00 00 00 00
10:19:41.720  RX [20] 11 FF 0D 3C 00 05 DC 00 00 00 00 00 00 00 00 00 00 00 00 00
10:19:41.742  RX [20] 11 FF 05 0C 00 00 00 00 00 00 00 00 00 00 00 00 00 00 00 00
10:19:41.772  RX [20] 11 FF 10 1C 00 00 00 00 00 00 00 00 00 00 00 00 00 00 00 00
10:19:41.801  RX [20] 11 FF 0B 0C 13 08 03 02 00 00 00 00 00 00 00 00 00 00 00 00
10:19:41.824  RX [20] 11 FF 0F 3C 01 00 00 00 00 00 00 00 00 00 00 00 00 00 00 00
10:19:41.854  RX [20] 11 FF 05 1C 16 4B 00 00 00 00 00 00 00 00 00 00 00 00 00 00
10:19:41.892  RX [20] 11 FF 0B 1C 00 01 05 01 07 18 00 00 00 00 00 00 00 00 00 00
10:19:41.922  RX [20] 11 FF 0F 1C 00 00 00 00 00 00 00 00 00 00 00 00 00 00 00 00
10:19:41.952  RX [20] 11 FF 09 3C 00 52 22 00 52 0B 00 00 00 00 00 00 00 00 00 00
10:19:41.974  RX [20] 11 FF 0B 1C 00 01 05 01 07 18 00 00 00 00 00 00 00 00 00 00
10:19:42.004  RX [20] 11 FF 09 3C 00 53 22 00 53 0B 00 00 00 00 00 00 00 00 00 00
10:19:42.034  RX [20] 11 FF 0B 3C 00 00 4A 4A 55 4E 49 4F 52 00 00 00 00 00 00 00
10:19:42.064  RX [20] 11 FF 09 3C 00 56 22 00 56 0B 00 00 00 00 00 00 00 00 00 00
10:19:42.101  RX [20] 11 FF 0B 7C 00 01 0B 00 00 66 58 00 00 00 00 00 00 00 00 00
10:19:42.131  RX [20] 11 FF 09 3C 00 C3 22 00 C3 0B 00 00 00 00 00 00 00 00 00 00
10:19:42.162  RX [20] 11 FF 0B 1C 01 01 04 01 0F 18 00 00 00 00 00 00 00 00 00 00
10:19:42.177  RX [20] 11 FF 09 3C 00 C4 22 00 C4 0B 00 00 00 00 00 00 00 00 00 00
10:19:42.199  RX [20] 11 FF 0B 1C 01 01 04 01 0F 18 00 00 00 00 00 00 00 00 00 00
10:19:42.237  RX [20] 11 FF 09 2C 00 50 00 00 00 00 00 00 00 00 00 00 00 00 00 00
10:19:42.266  RX [20] 11 FF 0B 3C 01 00 44 45 53 4B 54 4F 50 2D 50 44 38 4A 41 32
10:19:42.282  RX [20] 11 FF 09 3C 00 50 00 00 00 03 00 00 00 00 00 00 00 00 00 00
10:19:42.311  RX [20] 11 FF 0B 3C 01 0E 47 00 00 00 00 00 00 00 00 00 00 00 00 00
10:19:42.327  RX [20] 11 FF 09 2C 00 51 00 00 00 00 00 00 00 00 00 00 00 00 00 00
10:19:42.342  RX [20] 11 FF 08 1C 1E 02 00 00 00 00 00 00 00 00 00 00 00 00 00 00
10:19:42.372  RX [20] 11 FF 0B 7C 01 01 0B 00 00 66 58 00 00 00 00 00 00 00 00 00
10:19:42.401  RX [20] 11 FF 09 3C 00 51 00 00 00 03 00 00 00 00 00 00 00 00 00 00
10:19:42.424  RX [20] 11 FF 0F 2C 00 00 00 00 00 00 00 00 00 00 00 00 00 00 00 00
10:19:42.454  RX [20] 11 FF 0B 1C 02 01 04 01 07 18 00 00 00 00 00 00 00 00 00 00
10:19:42.484  RX [20] 11 FF 09 3C 00 52 23 00 52 0B 00 00 00 00 00 00 00 00 00 00
10:19:42.499  RX [20] 11 FF 0B 1C 02 01 04 01 07 18 00 00 00 00 00 00 00 00 00 00
10:19:42.514  RX [20] 11 FF 09 3C 00 53 23 00 53 0B 00 00 00 00 00 00 00 00 00 00
10:19:42.529  RX [20] 11 FF 0B 3C 02 00 4A 4A 55 4E 49 4F 52 00 00 00 00 00 00 00
10:19:42.544  RX [20] 11 FF 09 3C 00 56 23 00 56 0B 00 00 00 00 00 00 00 00 00 00
10:19:42.574  RX [20] 11 FF 0B 7C 02 01 0B 00 00 66 58 00 00 00 00 00 00 00 00 00
10:19:42.604  RX [20] 11 FF 09 3C 00 C3 23 00 C3 0B 00 00 00 00 00 00 00 00 00 00
10:19:42.649  RX [20] 11 FF 0B 8C 00 00 00 00 00 00 00 00 00 00 00 00 00 00 00 00
10:19:42.687  RX [20] 11 FF 09 3C 00 C4 23 00 C4 0B 00 00 00 00 00 00 00 00 00 00
10:19:42.709  RX [20] 11 FF 0B 0C 13 08 03 02 00 00 00 00 00 00 00 00 00 00 00 00
10:19:42.739  RX [20] 11 FF 09 2C 00 50 00 00 00 01 00 00 00 00 00 00 00 00 00 00
10:19:42.769  RX [20] 11 FF 0B 1C 00 01 05 01 07 18 00 00 00 00 00 00 00 00 00 00
10:19:42.784  RX [20] 11 FF 09 3C 00 50 00 00 00 03 00 00 00 00 00 00 00 00 00 00
10:19:42.799  RX [20] 11 FF 0B 7C 00 01 0B 00 00 66 58 00 00 00 00 00 00 00 00 00
10:19:42.814  RX [20] 11 FF 09 2C 00 51 00 00 00 01 00 00 00 00 00 00 00 00 00 00
10:19:42.844  RX [20] 11 FF 0B 1C 01 01 04 01 0F 18 00 00 00 00 00 00 00 00 00 00
10:19:42.859  RX [20] 11 FF 09 3C 00 51 00 00 00 03 00 00 00 00 00 00 00 00 00 00
10:19:42.882  RX [20] 11 FF 0B 7C 01 01 0B 00 00 66 58 00 00 00 00 00 00 00 00 00
10:19:42.912  RX [20] 11 FF 0E 0C 02 0A 0A 00 00 00 00 00 00 00 00 00 00 00 00 00
10:19:42.934  RX [20] 11 FF 0B 1C 02 01 04 01 07 18 00 00 00 00 00 00 00 00 00 00
10:19:42.949  RX [20] 11 FF 0E 1C 02 FF 00 00 00 00 00 00 00 00 00 00 00 00 00 00
10:19:42.964  RX [20] 11 FF 0B 7C 02 01 0B 00 00 66 58 00 00 00 00 00 00 00 00 00
10:19:42.979  RX [20] 11 FF 0E 0C 02 FF 0A 00 00 00 00 00 00 00 00 00 00 00 00 00
10:19:42.994  RX [20] 11 FF 0D 3C 00 05 DC 00 00 00 00 00 00 00 00 00 00 00 00 00
10:19:43.017  RX [20] 11 FF 10 1C 00 00 00 00 00 00 00 00 00 00 00 00 00 00 00 00
10:19:43.031  RX [20] 11 FF 10 2C 00 00 00 00 00 00 00 00 00 00 00 00 00 00 00 00
10:19:43.062  RX [20] 11 FF 10 1C 01 00 00 00 00 00 00 00 00 00 00 00 00 00 00 00
10:19:43.084  RX [20] 11 FF 10 1C 01 00 00 00 00 00 00 00 00 00 00 00 00 00 00 00
10:19:49.724  Dispositivo ausente no Windows. Aguardando retorno.
10:19:49.724  Leitura interrompida: The device is not connected.
10:19:52.076  FIM · 142 relatórios recebidos.